>Abd-B
0.333 0.103 0.265 0.000 0.103 0.244 0.800 0.133 0.047 0.238 0.025 0.222 0.355 0.185
0.208 0.414 0.265 0.028 0.051 0.044 0.044 0.156 0.047 0.095 0.800 0.278 0.258 0.333
0.333 0.379 0.265 0.194 0.103 0.178 0.000 0.022 0.698 0.571 0.150 0.306 0.258 0.259
0.125 0.103 0.206 0.778 0.744 0.533 0.156 0.689 0.209 0.095 0.025 0.194 0.129 0.222

>Adf
0.000 0.000 0.000 0.000 0.000 0.000 0.000 0.000 0.000 0.000 0.000 0.333
0.000 1.000 0.000 0.500 1.000 0.500 0.000 1.000 0.500 0.000 0.500 0.333
1.000 0.000 0.000 0.500 0.000 0.000 0.500 0.000 0.000 1.000 0.000 0.000
0.000 0.000 1.000 0.000 0.000 0.500 0.500 0.000 0.500 0.000 0.500 0.333

>Aef
0.000 1.000 1.000 0.000 1.000 1.000
1.000 0.000 0.000 1.000 0.000 0.000
0.000 0.000 0.000 0.000 0.000 0.000
0.000 0.000 0.000 0.000 0.000 0.000

>Ap
0.000 1.000 1.000 0.000 0.250 0.250
0.000 0.000 0.000 0.000 0.250 0.250
0.000 0.000 0.000 0.000 0.250 0.250
1.000 0.000 0.000 1.000 0.250 0.250

>Br-Z1
0.000 1.000 1.000 0.500 0.500 0.500 1.000 0.000 1.000 1.000 0.500 0.500
0.000 0.000 0.000 0.000 0.000 0.000 0.000 1.000 0.000 0.000 0.000 0.000
0.000 0.000 0.000 0.000 0.000 0.500 0.000 0.000 0.000 0.000 0.500 0.000
1.000 0.000 0.000 0.500 0.500 0.000 0.000 0.000 0.000 0.000 0.000 0.500

>Br-Z2
0.000 0.000 0.500 0.500 0.000 0.000 1.000 0.000 0.000 0.000
0.000 0.000 0.000 0.000 1.000 0.000 0.000 0.000 0.000 0.000
0.000 0.000 0.000 0.000 0.000 0.000 0.000 0.000 0.000 0.000
1.000 1.000 0.500 0.500 0.000 1.000 0.000 1.000 1.000 1.000

>Br-Z3
0.500 1.000 1.000 1.000 0.000 0.500 0.500 0.500 0.500
0.000 0.000 0.000 0.000 1.000 0.000 0.000 0.000 0.000
0.000 0.000 0.000 0.000 0.000 0.000 0.000 0.500 0.000
0.500 0.000 0.000 0.000 0.000 0.500 0.500 0.000 0.500

>Br-Z4
0.500 0.000 1.000 1.000 1.000 0.000 1.000
0.000 0.000 0.000 0.000 0.000 0.500 0.000
0.500 0.500 0.000 0.000 0.000 0.500 0.000
0.000 0.500 0.000 0.000 0.000 0.000 0.000

>Dip3
0.040 0.038 0.462 0.192 0.346 0.077 0.115 0.346 0.192 0.269 0.077 0.048
0.640 0.731 0.115 0.423 0.192 0.577 0.654 0.115 0.077 0.192 0.654 0.667
0.080 0.038 0.115 0.308 0.269 0.038 0.038 0.154 0.269 0.308 0.038 0.190
0.240 0.192 0.308 0.077 0.192 0.308 0.192 0.385 0.462 0.231 0.231 0.095

>Dref
0.000 1.000 0.000 0.000 0.000 1.000 0.000 1.000
0.000 0.000 0.000 1.000 0.000 0.000 0.000 0.000
0.000 0.000 0.000 0.000 1.000 0.000 0.000 0.000
1.000 0.000 1.000 0.000 0.000 0.000 1.000 0.000

>Ecr
0.250 0.670 0.000 0.000 0.000 0.000 1.000 0.630 0.000 0.040 0.700 0.210 0.210 0.040 0.040
0.170 0.040 0.000 0.000 0.000 0.790 0.000 0.080 0.080 0.000 0.130 0.790 0.750 0.380 0.750
0.580 0.290 1.000 0.830 0.000 0.000 0.000 0.080 0.040 0.960 0.130 0.000 0.000 0.040 0.040
0.000 0.000 0.000 0.170 1.000 0.210 0.000 0.210 0.880 0.000 0.040 0.000 0.040 0.540 0.170

>Eip74EF
0.286 0.214 0.733 0.688 0.118 0.118 0.294 0.000 0.000 1.000 1.000 0.294 0.067 0.200 0.333 0.143 0.167
0.357 0.214 0.067 0.000 0.412 0.706 0.706 0.000 0.000 0.000 0.000 0.059 0.133 0.133 0.200 0.071 0.250
0.143 0.429 0.133 0.125 0.118 0.118 0.000 1.000 1.000 0.000 0.000 0.588 0.067 0.467 0.267 0.429 0.500
0.214 0.143 0.067 0.188 0.353 0.059 0.000 0.000 0.000 0.000 0.000 0.059 0.733 0.200 0.200 0.357 0.083

>Hr46
0.000 0.000 0.000 0.000 0.000 1.000
0.000 0.000 0.000 0.000 1.000 0.000
1.000 1.000 1.000 0.000 0.000 0.000
0.000 0.000 0.000 1.000 0.000 0.000

>Kr
1.000 1.000 0.000 0.000 0.000 0.000 0.000 0.000 1.000 1.000
0.000 0.000 1.000 0.000 0.000 0.000 0.000 0.000 0.000 0.000
0.000 0.000 0.000 1.000 1.000 1.000 0.000 0.000 0.000 0.000
0.000 0.000 0.000 0.000 0.000 0.000 1.000 1.000 0.000 0.000

>Pros
0.000 0.800 0.067 0.133 0.267 0.067 0.000
1.000 0.000 0.333 0.267 0.133 0.933 0.200
0.000 0.000 0.000 0.400 0.267 0.000 0.000
0.000 0.200 0.600 0.200 0.333 0.000 0.800

>Stat92E
0.250 0.250 0.400 0.167 0.300 0.067 0.000 0.000 0.000 0.067 0.133 0.100 0.000 1.000 1.000 1.000 0.138 0.250 0.192 0.231 0.346
0.179 0.250 0.200 0.233 0.167 0.000 0.000 0.000 1.000 0.700 0.467 0.133 0.000 0.000 0.000 0.000 0.276 0.214 0.308 0.308 0.115
0.321 0.286 0.167 0.300 0.200 0.000 0.000 0.000 0.000 0.133 0.367 0.667 1.000 0.000 0.000 0.000 0.172 0.321 0.308 0.077 0.269
0.250 0.214 0.233 0.300 0.333 0.933 1.000 1.000 0.000 0.100 0.033 0.100 0.000 0.000 0.000 0.000 0.414 0.214 0.192 0.385 0.269

>Su
0.500 0.000 0.000 0.500 0.000 1.000 0.500
0.000 0.000 0.000 0.000 0.000 0.000 0.000
0.500 0.000 1.000 0.500 1.000 0.000 0.500
0.000 1.000 0.000 0.000 0.000 0.000 0.000

>Ubx
0.148 0.300 0.265 0.171 0.267 0.164 0.145 0.038 0.860 0.966 0.000 0.108 0.220 0.158 0.111 0.229 0.220 0.200 0.167
0.148 0.167 0.206 0.171 0.200 0.327 0.210 0.000 0.035 0.000 0.034 0.054 0.051 0.404 0.315 0.229 0.341 0.167 0.125
0.444 0.267 0.412 0.488 0.400 0.291 0.129 0.000 0.035 0.023 0.034 0.554 0.695 0.298 0.204 0.083 0.171 0.500 0.292
0.259 0.267 0.118 0.171 0.133 0.218 0.516 0.962 0.070 0.011 0.932 0.284 0.034 0.140 0.370 0.458 0.268 0.133 0.417

>bab1
0.273 0.500 0.667 0.600 0.333 0.700 0.222 0.600 0.556 0.200 0.111 0.000
0.000 0.200 0.000 0.000 0.111 0.000 0.000 0.000 0.000 0.100 0.111 0.000
0.091 0.100 0.000 0.000 0.000 0.000 0.000 0.000 0.000 0.100 0.333 0.667
0.636 0.200 0.333 0.400 0.556 0.300 0.778 0.400 0.444 0.600 0.444 0.333

>bcd
0.208 0.208 0.250 0.083 0.042 1.000 1.000 0.083 0.042 0.042 0.208
0.458 0.417 0.333 0.542 0.083 0.000 0.000 0.000 0.833 0.833 0.292
0.292 0.292 0.292 0.208 0.000 0.000 0.000 0.125 0.042 0.042 0.250
0.042 0.083 0.125 0.167 0.875 0.000 0.000 0.792 0.083 0.083 0.250

>bin
0.500 0.000 1.000 1.000 1.000 0.000 1.000
0.000 0.000 0.000 0.000 0.000 0.000 0.000
0.500 0.000 0.000 0.000 0.000 0.000 0.000
0.000 1.000 0.000 0.000 0.000 1.000 0.000

>brk
0.000 0.000 0.000 0.000 0.000 0.000 0.000
0.000 0.000 0.000 1.000 0.000 0.583 0.250
0.083 1.000 1.000 0.000 1.000 0.000 0.000
0.917 0.000 0.000 0.000 0.000 0.417 0.750

>byn
0.500 0.500 0.500 0.250 0.000 0.250 0.500 0.000 1.000 0.000 0.000 0.000
0.000 0.000 0.000 0.250 0.000 0.250 0.000 1.000 0.000 1.000 0.500 0.000
0.500 0.000 0.000 0.250 0.000 0.250 0.500 0.000 0.000 0.000 0.000 0.000
0.000 0.500 0.500 0.250 1.000 0.250 0.000 0.000 0.000 0.000 0.500 1.000

>cad
0.000 0.000 0.000 1.000 0.000 0.000
0.000 0.000 0.000 0.000 0.000 0.000
0.000 0.000 0.000 0.000 0.000 1.000
1.000 1.000 1.000 0.000 1.000 0.000

>cfII
0.330 0.000 0.940 0.000 0.940 0.010 0.510 0.020 0.630
0.150 0.060 0.000 0.080 0.020 0.040 0.030 0.130 0.060
0.510 0.000 0.060 0.040 0.040 0.000 0.410 0.020 0.260
0.010 0.940 0.000 0.880 0.000 0.950 0.050 0.830 0.050

>croc
0.667 0.000 1.000 1.000 0.800 1.000
0.000 0.000 0.000 0.000 0.200 0.000
0.333 0.000 0.000 0.000 0.000 0.000
0.000 1.000 0.000 0.000 0.000 0.000

>d-mtTFA
0.000 0.000 1.000 0.000 0.000
0.000 0.000 0.000 0.000 0.818
0.000 0.000 0.000 0.000 0.182
1.000 1.000 0.000 1.000 0.000

>dif
0.090 0.000 0.000 0.000 1.000 0.560 0.000 0.000 0.160 0.030 0.160
0.000 0.000 0.000 0.000 0.000 0.000 0.030 1.000 0.840 0.940 0.500
0.880 1.000 1.000 1.000 0.000 0.000 0.000 0.000 0.000 0.000 0.090
0.030 0.000 0.000 0.000 0.000 0.440 0.970 0.000 0.000 0.030 0.250

>dl-A
0.000 0.000 0.000 0.182 0.182 0.077 0.000 0.000 0.045 0.000 0.227
0.091 0.000 0.000 0.091 0.045 0.000 0.000 0.000 0.955 1.000 0.364
0.818 1.000 1.000 0.000 0.000 0.000 0.000 0.000 0.000 0.000 0.318
0.091 0.000 0.000 0.727 0.773 0.923 1.000 1.000 0.000 0.000 0.091

>dl-B
0.130 0.000 0.000 0.000 0.830 0.700 0.270 0.200 0.030 0.000 0.170
0.040 0.030 0.000 0.000 0.000 0.030 0.000 0.270 0.940 0.560 0.470
0.600 0.970 1.000 1.000 0.000 0.000 0.000 0.000 0.000 0.070 0.300
0.230 0.000 0.000 0.000 0.170 0.270 0.730 0.530 0.030 0.370 0.060

>dri
0.214 0.214 0.500 1.000 0.024 0.024 0.881 0.667 0.214 0.286
0.167 0.357 0.000 0.000 0.000 0.000 0.000 0.119 0.119 0.262
0.167 0.167 0.500 0.000 0.000 0.000 0.119 0.143 0.143 0.238
0.452 0.262 0.000 0.000 0.976 0.976 0.000 0.071 0.524 0.214

>dsx
0.087 0.130 0.480 0.423 0.148 1.000 0.030 0.879 1.000 0.182 0.030 0.000 0.452 0.267 0.000 0.269 0.192
0.261 0.261 0.080 0.269 0.333 0.000 0.879 0.000 0.000 0.000 0.061 0.031 0.097 0.100 0.519 0.192 0.269
0.391 0.130 0.440 0.115 0.222 0.000 0.030 0.000 0.000 0.030 0.848 0.000 0.194 0.267 0.222 0.231 0.231
0.261 0.478 0.000 0.192 0.296 0.000 0.061 0.121 0.000 0.788 0.061 0.969 0.258 0.367 0.259 0.308 0.308

>ems
1.000 1.000 0.250 0.000 0.250 0.000 1.000 1.000 0.000 0.000 1.000 0.000 1.000
0.000 0.000 0.250 0.000 0.250 0.000 0.000 0.000 0.000 0.000 0.000 1.000 0.000
0.000 0.000 0.250 0.000 0.250 0.000 0.000 0.000 0.000 1.000 0.000 0.000 0.000
0.000 0.000 0.250 1.000 0.250 1.000 0.000 0.000 1.000 0.000 0.000 0.000 0.000

>en
0.039 1.000 1.000 0.019 0.029 0.648
0.029 0.000 0.000 0.000 0.019 0.000
0.000 0.000 0.000 0.000 0.067 0.239
0.932 0.000 0.000 0.981 0.885 0.114

>esg
0.263 0.350 0.470 0.020 1.000 0.070 0.000 0.000 0.030 0.090 0.333 0.200
0.263 0.150 0.080 0.960 0.000 0.000 0.000 0.000 0.050 0.440 0.202 0.280
0.212 0.350 0.340 0.000 0.000 0.910 1.000 0.000 0.920 0.220 0.232 0.320
0.263 0.150 0.110 0.020 0.000 0.020 0.000 1.000 0.000 0.250 0.232 0.200

>eve
0.000 0.000 1.000 0.500 0.000 0.000 1.000 1.000 0.500 0.000
0.000 1.000 0.000 0.000 0.000 0.000 0.000 0.000 0.500 0.000
0.000 0.000 0.000 0.000 0.000 0.000 0.000 0.000 0.000 0.000
1.000 0.000 0.000 0.500 1.000 1.000 0.000 0.000 0.000 1.000

>eyg
0.150 0.420 0.330 0.080 0.450 0.230 0.000 0.000 1.000 0.020 0.000 0.010 0.730 0.200 0.140 0.380 0.210 0.230 0.160
0.150 0.290 0.070 0.110 0.050 0.300 0.120 0.870 0.000 0.980 0.000 0.260 0.030 0.180 0.150 0.270 0.370 0.040 0.370
0.420 0.260 0.450 0.210 0.430 0.180 0.050 0.030 0.000 0.000 0.000 0.730 0.240 0.420 0.160 0.300 0.150 0.430 0.180
0.280 0.030 0.150 0.600 0.070 0.290 0.830 0.100 0.000 0.000 1.000 0.000 0.000 0.200 0.550 0.050 0.270 0.300 0.290

>ftz
0.286 0.238 0.286 0.095 0.000 1.000 1.000 0.000 0.000 0.476 0.143 0.333 0.190
0.190 0.333 0.143 0.333 0.000 0.000 0.000 0.048 0.095 0.048 0.429 0.429 0.190
0.381 0.238 0.524 0.143 0.000 0.000 0.000 0.000 0.762 0.333 0.238 0.095 0.238
0.143 0.190 0.048 0.429 1.000 0.000 0.000 0.952 0.143 0.143 0.190 0.143 0.381

>gcm
0.867 0.000 0.063 0.000 0.021 0.000 0.021 0.000
0.022 0.000 0.000 0.979 0.000 0.000 0.000 0.323
0.089 0.000 0.917 0.021 0.875 1.000 0.979 0.000
0.022 1.000 0.021 0.000 0.104 0.000 0.000 0.677

>grh
0.000 0.250 1.000 1.000 0.000 0.000 0.000 0.000 0.000 0.000 0.000 0.000 0.000 0.000 0.000 0.000
0.500 0.250 0.000 0.000 1.000 0.500 0.000 0.000 0.000 0.500 0.500 0.000 0.000 1.000 0.000 0.000
0.000 0.250 0.000 0.000 0.000 0.000 1.000 1.000 0.000 0.000 0.000 0.000 1.000 0.000 1.000 1.000
0.500 0.250 0.000 0.000 0.000 0.500 0.000 0.000 1.000 0.500 0.500 1.000 0.000 0.000 0.000 0.000

>h
0.200 0.263 0.120 0.190 0.000 0.802 0.000 0.030 0.000 0.000 0.360 0.050 0.470 0.152
0.300 0.303 0.160 0.150 0.960 0.119 1.000 0.000 0.830 0.120 0.410 0.614 0.210 0.152
0.350 0.263 0.560 0.580 0.000 0.000 0.000 0.939 0.070 0.710 0.180 0.238 0.110 0.313
0.150 0.172 0.160 0.080 0.040 0.079 0.000 0.030 0.100 0.170 0.050 0.099 0.210 0.384

>hb
0.000 0.500 1.000 0.000 1.000 1.000 1.000 1.000 1.000 1.000
0.500 0.500 0.000 0.000 0.000 0.000 0.000 0.000 0.000 0.000
0.500 0.000 0.000 0.000 0.000 0.000 0.000 0.000 0.000 0.000
0.000 0.000 0.000 1.000 0.000 0.000 0.000 0.000 0.000 0.000

>mirr
0.364 0.494 0.506 0.558 0.636 0.013 0.584 0.039 0.247 0.104 0.130 0.143 0.312 0.429 0.506
0.143 0.117 0.000 0.052 0.078 0.805 0.052 0.390 0.000 0.221 0.299 0.078 0.169 0.338 0.143
0.364 0.078 0.000 0.117 0.143 0.182 0.039 0.247 0.558 0.091 0.571 0.169 0.182 0.130 0.117
0.130 0.312 0.494 0.273 0.143 0.000 0.325 0.325 0.195 0.584 0.000 0.610 0.338 0.104 0.234

>oc
0.296 0.222 0.222 0.182 0.000 1.000 1.000 0.000 0.000 0.074 0.037 0.222 0.222
0.296 0.556 0.333 0.500 0.000 0.000 0.000 0.000 1.000 0.889 0.370 0.296 0.185
0.222 0.148 0.333 0.045 0.000 0.000 0.000 0.185 0.000 0.037 0.481 0.185 0.185
0.185 0.074 0.111 0.273 1.000 0.000 0.000 0.815 0.000 0.000 0.111 0.296 0.407

>ovo
0.524 0.048 0.190 1.000 1.000 0.000 0.381 0.000 0.250
0.190 0.190 0.095 0.000 0.000 1.000 0.238 0.000 0.200
0.000 0.667 0.095 0.000 0.000 0.000 0.143 1.000 0.100
0.286 0.095 0.619 0.000 0.000 0.000 0.238 0.000 0.450

>pan
0.000 0.000 0.000 0.000 0.000 0.000 1.000 0.000 0.000 0.000 0.000
1.000 1.000 0.000 0.000 0.000 0.000 0.000 0.000 1.000 0.000 0.000
0.000 0.000 0.000 0.000 0.000 1.000 0.000 0.000 0.000 0.000 0.000
0.000 0.000 1.000 1.000 1.000 0.000 0.000 1.000 0.000 1.000 1.000

>pho
0.000 0.000 0.000 1.000 0.000 0.000
0.000 1.000 1.000 0.000 0.000 0.000
1.000 0.000 0.000 0.000 0.000 0.000
0.000 0.000 0.000 0.000 1.000 1.000

>pnr
1.000 0.200 0.333 0.202 0.200 0.111 0.260 0.000 1.000 0.000 1.000 0.703 0.000 0.130 0.330 0.230 0.250 0.080
0.000 0.200 0.253 0.131 0.130 0.333 0.320 0.000 0.000 0.000 0.000 0.099 0.210 0.310 0.070 0.230 0.250 0.250
0.000 0.200 0.081 0.333 0.270 0.333 0.000 1.000 0.000 0.000 0.000 0.099 0.630 0.500 0.400 0.310 0.330 0.250
0.000 0.400 0.333 0.333 0.400 0.222 0.420 0.000 0.000 1.000 0.000 0.099 0.160 0.060 0.200 0.230 0.170 0.420

>prd-HD
0.000 0.448 0.000 0.931 1.000 0.000 0.000 0.000 1.000 0.000 0.000 0.931 0.172 0.103
0.241 0.241 0.000 0.000 0.000 0.000 0.517 0.000 0.000 0.000 0.034 0.000 0.172 0.448
0.690 0.172 0.000 0.069 0.000 0.000 0.000 1.000 0.000 0.000 0.000 0.000 0.276 0.310
0.069 0.138 1.000 0.000 0.000 1.000 0.483 0.000 0.000 1.000 0.966 0.069 0.379 0.138

>prd-PD
0.182 0.136 0.091 0.000 0.000 0.000 0.000 1.000 0.000 0.000 0.000 0.000 0.000 0.000 0.762 0.091 0.409
0.091 0.318 0.273 0.905 0.000 0.000 1.000 0.000 1.000 0.000 0.333 0.000 0.182 0.333 0.000 0.545 0.273
0.318 0.318 0.000 0.095 1.000 0.000 0.000 0.000 0.000 1.000 0.667 0.000 0.000 0.667 0.238 0.182 0.227
0.409 0.227 0.636 0.000 0.000 1.000 0.000 0.000 0.000 0.000 0.000 1.000 0.818 0.000 0.000 0.182 0.091

>rel
0.060 0.000 0.000 0.000 1.000 0.550 0.060 0.030 0.480 0.000 0.190
0.130 0.000 0.000 0.000 0.000 0.100 0.200 0.810 0.520 0.940 0.390
0.710 1.000 1.000 1.000 0.000 0.030 0.160 0.000 0.000 0.000 0.230
0.100 0.000 0.000 0.000 0.000 0.320 0.580 0.160 0.000 0.060 0.190

>sd
0.500 0.500 0.250 1.000 0.000 0.000 0.000 0.250 0.000
0.000 0.000 0.250 0.000 0.000 0.000 0.000 0.250 0.000
0.000 0.500 0.250 0.000 0.000 0.500 0.000 0.250 0.000
0.500 0.000 0.250 0.000 1.000 0.500 1.000 0.250 1.000

>shn-ZFP1
0.000 0.000 0.000 1.000 0.470 0.000 0.000 0.000 0.000 0.000 0.000 0.070
0.000 0.000 0.000 0.000 0.130 0.930 0.000 0.000 0.070 1.000 1.000 0.800
1.000 1.000 0.800 0.000 0.000 0.000 1.000 0.070 0.000 0.000 0.000 0.000
0.000 0.000 0.200 0.000 0.400 0.070 0.000 0.930 0.930 0.000 0.000 0.130

>shn-ZFP2
0.110 0.060 0.000 0.000 0.890 0.560 0.390 0.170 0.000 0.000 0.170
0.060 0.000 0.000 0.000 0.110 0.330 0.110 0.000 1.000 0.940 0.770
0.830 0.940 1.000 1.000 0.000 0.000 0.060 0.060 0.000 0.000 0.000
0.000 0.000 0.000 0.000 0.000 0.110 0.440 0.770 0.000 0.060 0.060

>slbo
0.000 0.000 0.250 0.250 0.500 0.000 1.000 1.000 0.000 0.500
0.000 0.000 0.250 0.250 0.000 1.000 0.000 0.000 0.000 0.500
0.000 0.000 0.250 0.250 0.500 0.000 0.000 0.000 0.000 0.000
1.000 1.000 0.250 0.250 0.000 0.000 0.000 0.000 1.000 0.000

>sna
0.318 0.360 0.448 0.711 0.000 0.975 0.075 0.050 0.000 0.000 0.081 0.563 0.233
0.273 0.200 0.069 0.000 0.975 0.000 0.000 0.000 0.000 0.000 0.514 0.250 0.367
0.318 0.160 0.448 0.211 0.025 0.000 0.925 0.950 0.000 0.925 0.081 0.063 0.233
0.091 0.280 0.034 0.079 0.000 0.025 0.000 0.000 1.000 0.075 0.324 0.125 0.167

>srp
0.090 0.190 0.000 1.000 0.000 1.000 0.970 0.000 0.470 0.190
0.130 0.440 0.000 0.000 0.000 0.000 0.000 0.350 0.090 0.340
0.500 0.000 1.000 0.000 0.000 0.000 0.030 0.560 0.410 0.190
0.280 0.370 0.000 0.000 1.000 0.000 0.000 0.090 0.030 0.280

>tin
0.000 1.000 0.000 0.000 0.000 0.500 1.000
1.000 0.000 1.000 0.000 0.000 0.000 0.000
0.000 0.000 0.000 0.000 0.000 0.500 0.000
0.000 0.000 0.000 1.000 1.000 0.000 0.000

>tll
1.000 1.000 1.000 0.000 0.000 1.000 1.000
0.000 0.000 0.000 0.000 0.000 0.000 0.000
0.000 0.000 0.000 0.000 0.000 0.000 0.000
0.000 0.000 0.000 1.000 1.000 0.000 0.000

>usp
0.030 0.050 0.000 0.000 0.000 0.000 0.950 0.110 0.130
0.030 0.000 0.000 0.000 0.000 0.940 0.000 0.680 0.240
0.940 0.950 1.000 1.000 0.000 0.030 0.050 0.050 0.550
0.000 0.000 0.000 0.000 1.000 0.030 0.000 0.160 0.080

>vnd
0.257 0.280 0.170 0.170 0.078 0.861 1.000 0.000 0.025 0.180 0.000 0.110 0.198 0.158
0.228 0.160 0.160 0.020 0.359 0.015 0.000 0.025 0.040 0.020 0.263 0.330 0.198 0.198
0.257 0.160 0.400 0.100 0.184 0.109 0.000 0.960 0.025 0.700 0.596 0.230 0.257 0.376
0.257 0.400 0.270 0.710 0.379 0.015 0.000 0.015 0.910 0.100 0.141 0.330 0.347 0.267

>zen
0.000 0.000 1.000 0.500 0.000 0.000 1.000 1.000 0.500 0.000
0.000 1.000 0.000 0.000 0.000 0.000 0.000 0.000 0.500 0.000
0.000 0.000 0.000 0.000 0.000 0.000 0.000 0.000 0.000 0.000
1.000 0.000 0.000 0.500 1.000 1.000 0.000 0.000 0.000 1.000

