factor id	average score	best score	worst score	avg+sigma	avg+2sigma	avg+3sigma	sequence count	sequences w/o score > average+sigma	sequences w/o scores > average+3sigma	worst site in the set	best site in the set	flank length	sites appearing on <flank length>	sites apperaring on 2bp flanks	% w/o sites	% sites in flanks	% sites in 2bp flanks	% weak sites	threshold	weak words in the 'ready' motif
ABD_A	-7.80231253726167	6.47464254648807	-20.6626383440705	-3.62750156874815	0.547309399765379	4.7221203682789	41	2	28	-9.18720954576346	6.09277656557305	8	2	1	4.8780487804878	4.8780487804878	2.4390243902439	63.4146341463415	4.72	0
ANTP	-6.63890192846158	6.03484905131389	-13.6474677274092	-3.17502919746873	0.288843533524128	3.75271626451698	12	0	2	2.52174187390924	6.03484905131389				0.0	0.0	0.0	16.6666666666667	3.75	0
AP	-5.79975441739929	5.54484125546082	-12.7638443718932	-2.53215700573336	0.735440405932581	4.00303781759852	14	0	8	-0.020214005312358	5.54484125546082				0.0	0.0	0.0	57.1428571428571	4.0	0
BCD	-8.73467926742396	7.64954693342314	-20.7748244863871	-4.32473683101201	0.0852056053999455	4.4951480418119	48	3	19	-8.95148017972255	7.38507111047717	8	3	3	6.25	6.25	6.25	33.3333333333333	4.5	0
BRK	-8.21059368320935	9.53691644108686	-19.183162182387	-3.8376897152672	0.535214252674953	4.90811822061711	10	0	1	2.21588668890976	9.53691644108686				0.0	0.0	0.0	10.0	4.91	0
BR_Z1	-8.01250055827126	7.29381949496974	-23.1229740631694	-3.68041470918233	0.651671139906595	4.98375698899552	17	0	8	-3.38626717261007	7.242482421537				0.0	0.0	0.0	47.0588235294118	4.98	0
BR_Z2	-6.82544546586855	6.53439985671519	-21.2438827921465	-2.775778900029	1.27388766581054	5.32355423165009	21	0	16	-1.93768128536074	5.94928073167526				0.0	0.0	0.0	76.1904761904762	5.32	0
BR_Z3	-7.44393067166563	7.25140691786865	-20.9234783350897	-3.40880762520174	0.626315421262154	4.66143846772605	16	0	7	-2.30529499778484	6.46729164595627				0.0	0.0	0.0	43.75	4.66	0
BR_Z4	-5.96497780730547	5.59595632840281	-13.1833474640173	-2.73115449889424	0.502668809516989	3.73649211792822	8	0	1	1.66778536231991	5.59595632840281				0.0	0.0	0.0	12.5	3.74	0
BYN	-7.0853802581369	8.30305207095462	-18.4206807439524	-3.27443910158059	0.536502054975731	4.34744321153205	9	0	1	2.37288301280803	8.30305207095462				0.0	0.0	0.0	11.1111111111111	4.35	0
CAD	-6.9349951359224	8.18167675690398	-22.2527894052262	-2.89325525446583	1.14848462699073	5.1902245084473	13	0	9	-2.16190621521188	8.06542549395721				0.0	0.0	0.0	69.2307692307692	5.19	0
DEAF1	-5.84414556603468	6.41028435149532	-12.313951802654	-2.40225717654947	1.03963121293575	4.48151960242096	10	0	2	-1.86098495827117	6.41028435149532				0.0	0.0	0.0	20.0	4.48	0
DFD	-8.65953617868629	7.15657848023325	-20.3219694209311	-4.480133398375	-0.300730618063721	3.87867216224756	16	1	9	-5.43864267898692	7.14099519831185	8	1	1	6.25	6.25	6.25	50.0	3.88	0
DL	-10.4468442650887	9.68711354208567	-26.8623230679127	-5.34993866029861	-0.253033055508478	4.84387254928165	38	0	13	-3.19934501850227	9.68711354208567				0.0	0.0	0.0	34.2105263157895	4.84	0
DREF	-10.3825146931969	11.38809916614	-26.1322945546174	-5.82708745846269	-1.27166022372848	3.28376701100573	9	1	4	-9.11126614717162	11.3730347570955	12	1	1	11.1111111111111	11.1111111111111	11.1111111111111	33.3333333333333	3.28	0
EIP74EF	-7.94789686714669	9.89095291541084	-20.2300173560022	-3.91961769294414	0.1086614812584	4.13694065546094	8	0	3	-1.86867115775044	9.03396746846475				0.0	0.0	0.0	37.5	4.14	0
EN	-6.98768730128967	6.5276512617084	-21.1468328932776	-2.90774450648165	1.17219828832637	5.25214108313439	56	5	41	-7.40567439424238	6.5276512617084	8	5	2	8.92857142857143	8.92857142857143	3.57142857142857	64.2857142857143	5.25	0
EVE	-9.34557411935585	8.90586349647535	-32.5994800012684	-4.4926099660447	0.360354187266456	5.21331834057761	20	1	10	-12.7441823526452	8.22226549527708	12	1	0	5.0	5.0	0.0	45.0	5.21	0
FTZ	-7.44594412889956	6.87028785177844	-21.9939920084318	-3.24589141304391	0.95416130281173	5.15421401866738	66	5	45	-5.73836419464994	6.87028785177844	8	5	3	7.57575757575758	7.57575757575758	4.54545454545455	60.6060606060606	5.15	0
GRH	-7.18691440655397	9.20014918776103	-21.2836225125805	-3.06064707513573	1.06562025628252	5.19188758770076	9	1	4	-7.06068097118724	8.55687885868089	10	1	0	11.1111111111111	11.1111111111111	0.0	33.3333333333333	5.19	0
GT	-9.59150763592574	10.588959462472	-26.3666949280346	-5.07147095950115	-0.551434283076556	3.96860239334804	8	0	4	-0.435966387216144	8.03078568537904				0.0	0.0	0.0	50.0	3.97	0
HB	-11.4413843110369	7.52725888635938	-25.4008523339836	-6.58277579520649	-1.72416727937612	3.13444123645426	103	0	10	-0.101369599535883	7.52725888635938				0.0	0.0	0.0	9.70873786407767	3.13	0
KNI	-7.31968724634717	8.52742797476638	-24.534556780647	-2.9659596949365	1.38776785647417	5.74149540788484	33	10	26	-8.27020672499099	8.43286711718543	10	9	5	30.3030303030303	27.2727272727273	15.1515151515152	48.4848484848485	5.74	0
KR	-7.86447738359324	9.72643674547045	-24.247867056023	-3.56413933534421	0.73619871290482	5.03653676115385	45	5	30	-11.5230110028701	9.72643674547045	10	4	2	11.1111111111111	8.88888888888889	4.44444444444444	55.5555555555556	5.04	0
MAD	-7.87380681221238	10.8227693286765	-21.314303383334	-3.47791789867332	0.917971014865743	5.3138599284048	19	0	6	-3.45108110942632	10.3681583428775				0.0	0.0	0.0	31.5789473684211	5.31	0
OVO	-8.46488179054516	8.37111841358239	-18.7773664423323	-4.37550186133401	-0.28612193212286	3.80325799708829	12	0	0	3.94203592283947	8.0033370612808				0.0	0.0	0.0	0.0	3.8	0
PAN	-7.13599023962503	7.35208459505808	-19.5206826571702	-3.12687931666846	0.882231606288118	4.89134252924469	25	0	15	-0.2074158060881	6.7812223463123				0.0	0.0	0.0	60.0	4.89	0
PRD	-6.8260871885242	7.61242703879236	-18.137024780944	-2.99706781467415	0.831951559175905	4.66097093302596	11	0	5	0.265361004881923	6.75544159184627				0.0	0.0	0.0	45.4545454545455	4.66	0
SD	-9.14129944928059	9.68376905958577	-34.4500607213367	-4.15213954386965	0.837020361541292	5.82618026695223	19	4	18	-9.8044553329602	6.38282938154381	12	4	3	21.0526315789474	21.0526315789474	15.7894736842105	73.6842105263158	5.83	0
SLBO	-6.9166365452682	7.6244911882875	-19.0208682983811	-2.95645081447481	1.00373491631859	4.96392064711198	12	1	4	-5.73003586459103	7.15951797883887	8	1	0	8.33333333333333	8.33333333333333	0.0	25.0	4.96	0
SNA	-8.03435702204789	9.88403802559376	-23.3503399365688	-3.74479662035419	0.544763781339499	4.83432418303319	11	3	5	-10.0920133528113	8.02767988176873	10	3	3	27.2727272727273	27.2727272727273	27.2727272727273	18.1818181818182	4.83	0
TIN	-10.7431544568649	12.296161159142	-26.2467334020086	-5.99722813697517	-1.25130181708541	3.49462450280435	11	1	1	-10.9681049498138	11.8121285438937	12	1	1	9.09090909090909	9.09090909090909	9.09090909090909	0.0	3.49	0
TLL	-6.26008334459395	7.01151527227458	-16.8809576852726	-2.58166921827664	1.09674490804067	4.77515903435798	37	1	23	-3.47754942804776	7.01151527227458	7	1	1	2.7027027027027	2.7027027027027	2.7027027027027	59.4594594594595	4.78	0
TRL	-8.13053705519227	9.18168144120508	-25.1347907750494	-3.53258205281188	1.06537294956851	5.66332795194891	77	6	45	-9.89339876063863	9.18168144120508	10	6	5	7.79220779220779	7.79220779220779	6.49350649350649	50.6493506493506	5.66	0
TTK	-8.04436709227825	12.0401463111465	-23.3692418054123	-3.79622108321415	0.451924925849953	4.70007093491405	8	2	5	-6.3036502906902	10.6803958814003	12	2	1	25.0	25.0	12.5	37.5	4.7	0
TWI	-8.92397407805692	10.5797668961885	-25.7774318603216	-4.4245486477486	0.0748767825597252	4.57430221286805	15	5	8	-12.9735897599842	9.652207257242	12	5	5	33.3333333333333	33.3333333333333	33.3333333333333	20.0	4.57	0
UBX	-6.99893034623289	5.33087753543413	-16.9653696257923	-3.22100612369327	0.55691809884635	4.33484232138597	60	4	25	-11.168571599153	5.33087753543413	6	3	2	6.66666666666667	5.0	3.33333333333333	35.0	4.33	0
VVL	-6.48103857473626	5.8485920660759	-13.4107133374168	-2.94040364165898	0.600231291418304	4.14086622449559	11	0	5	0.726932424624496	5.8485920660759				0.0	0.0	0.0	45.4545454545455	4.14	0
Z	-9.51157911191378	8.94696924579169	-24.343878752967	-4.75995201835983	-0.00832492480589053	4.74330216874805	41	16	27	-18.8601179674994	8.94696924579169	10	16	16	39.0243902439024	39.0243902439024	39.0243902439024	26.8292682926829	4.74	0
ZEN	-10.4908546092305	9.37851533614025	-25.6494935746154	-5.93232509891174	-1.37379558859299	3.18473392172576	12	0	1	-3.16732236369157	8.45392891367731				0.0	0.0	0.0	8.33333333333333	3.18	0
